[[3.7913677e-01 5.7567502e-03 2.0879397e-01 ... 3.4839332e-01
  1.4710234e-03 5.6282818e-02]
 [9.9539198e-04 6.2243471e-06 1.4877088e-02 ... 1.1489792e-03
  9.7738248e-01 5.5893990e-03]
 [3.3585075e-02 5.8197151e-03 2.0556857e-01 ... 9.5929064e-02
  5.1386589e-01 1.3000472e-01]
 ...
 [7.6685068e-03 1.5580928e-04 9.2074364e-01 ... 3.3790086e-04
  7.0821524e-02 7.3468371e-05]
 [4.2802459e-01 2.3080054e-05 5.7184899e-01 ... 7.6518998e-05
  1.8332221e-05 1.2069239e-07]
 [1.5060876e-01 2.5098317e-04 6.2613398e-01 ... 1.5618929e-01
  3.1598373e-03 5.7471637e-02]]